75107
74236
75104
78646
49219
75113
75117
12145
28085
93066
75120
75116
24291
75108
75118
14047
75105
51454
07330
30346
77449
75101
80021
77186
13099
13208
41034
76540
75103
67482
75106
18033
42218
69275
75115
75114
59009
84007
62498
33063
06088
75111
31555
17093
30189
16102
91534
74056
64260
63263
77269
17019
41018
78172
94080
89446
69387
84087
44109
70451
21389
75109
37003
83035
11069
34172
56258
60057
93013
14333
38191
76351
86246
33529
58152
63236
25021
06152
74299
50509
56152
02408
05152
17004
21008
35238
38237
49140
54395
83069
33544
37014
85083
92026
01071
73227
37272
72181
73285
81004
92050
14204
25056
37072
58128
60141
71440
49007
21564
13206
10426
69381
65138
04106
06029
30123
34057
62487
65286
66222
73257
92063
75102
21508
29083
49328
51282
67362
69385
50218
90010
92012
2B023
14118
13202
06150
60491
60494
75119
78356
63345
77111
27016
31069
37132
37197
57412
37123
01210
02217
15108
24172
38442
41045
65059
38185
41050
45234
63113
73015
73157
89024
89387
92062
92064
92072
37261
34003
24520
10387
73290
09030
09211
13209
24322
25388
36228
38469
45270
60471
73273
74143
87085
71014
30084
45315
50353
56121
59606
62193
64545
65077
68307
2B120
74191
78297
78423
84050
88426
89420
90065
2A004
21231
11297
09122
22070
31334
33314
49050
59350
63302
64253
64542
66067
68224
73047
76378
78517
86115
91477
92020
93006
93029
06004
11262
13004
13103
16015
29232
37110
85113
57463
