01004
01033
01034
01053
01071
01093
01143
01160
01173
01194
01202
01244
01249
01262
01281
01283
01289
01313
01322
01344
01354
01419
01427
01443
01451
02095
02168
02173
02340
02381
02408
02691
02722
02738
02810
03023
03082
03095
03101
03118
03185
03190
03310
03321
04049
04070
04088
04112
04143
04209
05023
05046
05061
06004
06012
06018
06027
06029
06030
06033
06044
06048
06054
06065
06069
06075
06079
06083
06084
06085
06088
06090
06095
06104
06105
06108
06114
06123
06149
06152
06155
06157
06159
06161
07010
07019
07042
07102
07186
07281
07319
07324
08081
08105
08190
08328
08362
08409
09122
09160
09225
09261
10081
10268
10297
10323
10333
10343
10362
10387
11069
11076
11106
11170
11203
11206
11262
11266
11379
11397
12089
12133
12145
12176
12202
12208
12300
13001
13002
13004
13005
13007
13014
13015
13016
13019
13021
13022
13026
13027
13028
13030
13032
13033
13035
13037
13039
13040
13041
13042
13043
13044
13047
13050
13051
13053
13054
13056
13060
13063
13066
13069
13070
13071
13073
13074
13075
13077
13078
13080
13081
13084
13085
13086
13087
13088
13091
13092
13097
13098
13100
13102
13103
13104
13105
13106
13107
13108
13110
13112
13113
13114
13117
13119
14047
14061
14076
14098
14118
14167
14174
14181
14225
14228
14258
14271
14301
14327
14333
14341
14366
14371
14431
14437
14488
14514
14654
14726
14762
15012
15014
15187
16015
16078
16102
16113
16154
16166
16291
16358
16374
17028
17142
17200
17219
17264
17274
17291
17299
17300
17306
17333
17385
17407
17414
17415
17421
17434
17449
18015
18033
18141
18197
18205
18207
18279
19031
19123
19229
19272
19275
21038
21054
21154
21166
21171
21231
21278
21292
21355
21390
21464
21515
21540
21617
22046
22050
22055
22070
22093
22106
22113
22136
22162
22168
22176
22187
22215
22225
22251
22278
22360
22389
23096
24037
24053
24138
24294
24322
24372
24520
24547
24557
25031
25047
25056
25057
25284
25321
25388
25411
25462
25527
25539
25578
25580
26057
26058
26064
26088
26108
26116
26124
26165
26166
26198
26220
26235
26252
26281
26313
26324
26325
26347
26362
27016
27022
27056
27198
27213
27229
27275
27284
27375
27448
27467
27602
27679
27681
27701
28015
28085
28088
28103
28134
28140
28209
28218
28220
28229
28280
28404
29004
29019
29020
29024
29026
29039
29042
29046
29051
29058
29061
29069
29075
29103
29105
29117
29124
29130
29150
29151
29160
29174
29178
29189
29195
29199
29212
29220
29232
29233
29235
29241
29259
29260
29274
29293
2A004
2A247
2B033
2B037
2B042
2B050
2B096
2B120
2B148
30003
30006
30007
30011
30028
30032
30033
30034
30047
30062
30125
30133
30141
30155
30156
30169
30217
30221
30243
30258
30294
30321
30334
30341
30344
30351
31022
31032
31033
31044
31056
31069
31091
31107
31113
31116
31118
31149
31150
31157
31165
31169
31182
31187
31188
31202
31203
31232
31248
31282
31291
31341
31351
31395
31417
31424
31433
31445
31446
31451
31458
31467
31483
31488
31490
31499
31506
31526
31547
31555
31557
31561
31582
31584
31588
32013
32107
32132
32160
33003
33005
33009
33011
33013
33019
33029
33032
33039
33042
33051
33056
33063
33069
33075
33080
33090
33096
33119
33122
33138
33162
33167
33192
33199
33200
33207
33214
33227
33229
33236
33238
33240
33243
33249
33256
33273
33281
33284
33312
33314
33318
33322
33366
33376
33393
33422
33433
33449
33498
33519
33522
33527
33529
33535
33550
33555
34003
34022
34023
34028
34031
34032
34057
34058
34069
34077
34079
34088
34090
34095
34101
34108
34113
34114
34116
34120
34123
34129
34142
34145
34150
34151
34154
34157
34172
34192
34198
34199
34202
34213
34217
34239
34247
34255
34259
34270
34298
34299
34300
34301
34327
34332
34337
34344
35001
35012
35024
35037
35047
35049
35051
35055
35066
35068
35069
35085
35093
35095
35115
35120
35126
35136
35139
35152
35173
35176
35177
35184
35188
35196
35206
35207
35208
35210
35228
35236
35238
35240
35257
35275
35278
35281
35288
35334
35352
35353
35360
36018
36044
36063
36088
36159
37003
37018
37027
37050
37072
37104
37109
37122
37132
37139
37156
37159
37195
37208
37214
37233
37261
37266
37273
38001
38022
38034
38053
38085
38087
38097
38111
38133
38140
38150
38158
38169
38179
38185
38193
38229
38239
38249
38298
38314
38316
38317
38318
38337
38344
38382
38397
38416
38421
38422
38423
38425
38449
38474
38485
38486
38507
38509
38516
38517
38524
38537
38544
38545
38547
38553
38557
38562
38563
38565
39097
39198
39300
39368
39478
40046
40065
40088
40133
40184
40192
40197
40209
40217
40273
40279
40281
40282
40284
40310
40312
41018
41059
41136
41194
41269
41295
42005
42044
42059
42071
42095
42127
42147
42149
42183
42184
42186
42187
42189
42207
42218
42222
42223
42237
42256
42275
42279
42302
42304
42305
42316
42323
42330
42332
43012
43040
43137
43157
43224
43268
44003
44005
44009
44015
44018
44020
44021
44026
44029
44035
44036
44041
44043
44047
44052
44055
44064
44066
44067
44069
44071
44072
44073
44082
44084
44087
44098
44101
44103
44109
44110
44114
44120
44128
44129
44130
44131
44132
44143
44151
44154
44158
44162
44166
44169
44172
44175
44179
44180
44182
44184
44186
44188
44190
44194
44195
44198
44201
44204
44209
44210
44212
44213
44215
44217
45004
45028
45068
45075
45082
45089
45146
45147
45155
45169
45191
45203
45208
45232
45234
45252
45274
45284
45285
45286
45298
45302
45315
45338
46042
47001
47031
47032
47100
47157
47195
47201
47252
47310
47323
48095
49007
49015
49018
49020
49021
49023
49035
49050
49063
49080
49092
49099
49125
49176
49180
49194
49200
49214
49218
49223
49228
49244
49246
49248
49261
49267
49301
49307
49323
49328
49331
49345
49353
49367
49373
49377
50025
50041
50082
50099
50129
50147
50218
50484
50487
50502
50615
51030
51055
51108
51172
51230
51250
51454
51506
51573
51649
52121
52269
52448
53034
53054
53062
53096
53097
53130
53147
53201
54099
54115
54159
54184
54215
54257
54263
54273
54274
54280
54300
54304
54318
54322
54323
54328
54329
54339
54357
54382
54395
54397
54431
54439
54482
54483
54498
54526
54528
54547
54578
54580
55029
55122
55545
56003
56007
56008
56010
56023
56036
56067
56075
56078
56083
56090
56094
56098
56101
56107
56121
56143
56158
56162
56164
56165
56166
56169
56176
56177
56178
56184
56185
56193
56206
56240
56243
56248
56251
56260
57012
57019
57038
57058
57097
57160
57206
57207
57209
57221
57227
57240
57269
57283
57306
57323
57332
57336
57433
57443
57447
57463
57474
57480
57487
57491
57537
57591
57606
57630
57631
57660
57663
57666
57672
57683
57751
57757
58086
58194
58303
59008
59009
59011
59014
59017
59028
59032
59033
59043
59044
59051
59079
59090
59094
59112
59122
59131
59136
59139
59143
59152
59153
59155
59163
59165
59170
59172
59178
59179
59183
59202
59205
59212
59220
59225
59227
59230
59234
59239
59249
59253
59268
59271
59273
59279
59286
59291
59295
59299
59317
59324
59327
59328
59339
59343
59350
59352
59359
59360
59365
59367
59368
59378
59383
59386
59392
59400
59410
59421
59426
59431
59447
59449
59452
59456
59457
59459
59482
59484
59491
59507
59508
59509
59512
59524
59526
59527
59544
59553
59560
59569
59574
59586
59588
59599
59603
59606
59616
59632
59636
59646
59648
59650
59653
59654
59656
59663
60057
60139
60141
60157
60159
60175
60176
60282
60338
60346
60360
60382
60395
60414
60439
60463
60471
60509
60581
60612
60684
61001
61006
61169
61214
62004
62014
62035
62040
62041
62048
62057
62065
62083
62099
62108
62119
62126
62132
62133
62160
62173
62178
62186
62193
62194
62215
62244
62249
62250
62261
62263
62270
62274
62276
62318
62351
62386
62397
62413
62427
62443
62457
62473
62491
62497
62498
62502
62510
62516
62523
62525
62528
62548
62555
62560
62563
62570
62587
62617
62624
62628
62637
62643
62645
62667
62724
62737
62746
62753
62757
62758
62765
62771
62842
62893
62895
62907
63003
63014
63032
63063
63069
63070
63075
63103
63113
63164
63193
63195
63284
63300
63307
63430
63457
64024
64102
64122
64125
64129
64140
64160
64189
64230
64256
64260
64284
64335
64348
64407
64410
64422
64430
64445
64483
64495
64496
64545
64547
65047
65059
65100
65258
65286
65417
65440
66008
66017
66021
66024
66028
66037
66038
66049
66065
66088
66136
66141
66144
66149
66164
66171
66172
66180
66189
66195
66210
66213
67021
67028
67043
67046
67067
67106
67118
67130
67131
67137
67151
67152
67180
67204
67218
67267
67300
67309
67313
67343
67348
67365
67388
67411
67437
67447
67458
67462
67471
67482
67506
67519
67520
67544
68004
68042
68056
68063
68066
68082
68112
68118
68145
68149
68154
68163
68166
68195
68224
68256
68271
68278
68297
68300
68315
68334
68374
68375
68376
69009
69010
69019
69027
69028
69029
69034
69040
69043
69044
69069
69072
69081
69088
69089
69091
69092
69094
69096
69100
69112
69141
69142
69143
69149
69157
69191
69194
69199
69202
69204
69205
69243
69244
69248
69255
69256
69259
69260
69264
69266
69271
69273
69275
69276
69277
69278
69279
69282
69283
69286
69287
69288
69290
69291
69292
69297
70279
70285
70310
70311
71014
71040
71073
71076
71105
71118
71153
71176
71230
71263
71270
71306
71342
71445
71475
71486
71543
72003
72008
72058
72071
72095
72132
72154
72181
72213
72231
72264
73008
73010
73011
73029
73031
73051
73054
73064
73065
73087
73179
73213
73222
73248
73303
74005
74008
74010
74012
74026
74042
74043
74056
74081
74094
74096
74105
74112
74119
74123
74133
74164
74169
74208
74213
74218
74220
74224
74225
74236
74242
74243
74250
74256
74263
74264
74272
74278
74280
74281
74282
74288
74298
74305
74309
76057
76103
76108
76114
76157
76165
76212
76216
76217
76231
76255
76259
76312
76319
76322
76341
76351
76402
76410
76429
76447
76451
76474
76475
76476
76481
76484
76495
76497
76498
76540
76552
76561
76575
76618
76640
76681
76758
77014
77018
77037
77053
77055
77058
77067
77079
77083
77108
77111
77118
77122
77131
77139
77143
77152
77153
77169
77171
77183
77186
77192
77215
77243
77249
77251
77258
77268
77284
77285
77288
77294
77296
77305
77307
77317
77320
77326
77327
77330
77333
77337
77349
77350
77373
77379
77382
77390
77407
77430
77431
77438
77445
77449
77464
77468
77470
77475
77479
77487
77495
77513
77514
78005
78015
78029
78117
78123
78124
78126
78133
78138
78146
78158
78160
78165
78172
78190
78208
78220
78224
78242
78267
78297
78311
78321
78322
78335
78354
78356
78358
78361
78362
78372
78383
78396
78397
78401
78418
78423
78440
78455
78466
78481
78486
78498
78502
78517
78537
78575
78586
78621
78624
78638
78640
78642
78643
78644
78646
78672
78686
78688
79048
79049
79079
79081
79174
79179
79191
79195
79202
79270
79329
80001
80016
80021
80212
80253
80489
80561
80620
80685
81004
81021
81060
81065
81099
81105
81120
81140
81163
81220
81257
81271
82033
82037
82112
82121
82125
82134
82186
83004
83009
83016
83019
83023
83027
83031
83034
83035
83036
83042
83047
83049
83050
83054
83055
83061
83062
83064
83069
83070
83071
83072
83073
83081
83086
83087
83090
83091
83097
83098
83099
83106
83107
83112
83115
83116
83118
83120
83123
83126
83129
83130
83131
83137
83140
83141
83144
83148
83153
84003
84004
84007
84016
84019
84031
84034
84035
84039
84043
84054
84056
84072
84080
84081
84087
84088
84089
84091
84092
84119
84122
84129
84132
84137
84138
84141
85003
85008
85019
85035
85047
85051
85076
85084
85089
85090
85092
85096
85109
85128
85146
85151
85152
85155
85178
85182
85191
85194
85222
85226
85234
85288
85302
86041
86066
86070
86115
86137
86157
86158
86165
86174
86177
86194
86214
86297
87001
87002
87048
87050
87065
87075
87085
87113
87114
87154
87187
88160
88196
88209
88321
88367
88372
88383
88413
88465
89024
89025
89206
89257
89387
89464
90010
90033
90099
91021
91027
91045
91086
91097
91103
91105
91114
91122
91161
91174
91191
91200
91201
91207
91215
91216
91226
91228
91235
91272
91286
91312
91315
91326
91330
91338
91339
91340
91345
91347
91363
91376
91377
91386
91421
91425
91432
91434
91461
91471
91477
91479
91514
91521
91540
91549
91552
91553
91570
91573
91577
91587
91589
91600
91645
91657
91659
91661
91665
91667
91687
91689
91691
91692
92002
92004
92007
92009
92012
92014
92019
92020
92022
92024
92025
92026
92032
92033
92035
92036
92040
92044
92046
92048
92049
92050
92051
92060
92062
92063
92064
92071
92072
92073
92075
92076
92077
92078
93001
93005
93006
93007
93008
93010
93013
93014
93015
93027
93029
93030
93031
93032
93033
93039
93045
93046
93047
93048
93049
93050
93051
93053
93055
93057
93061
93062
93063
93064
93066
93070
93071
93072
93073
93074
93077
93078
93079
94001
94002
94003
94004
94011
94015
94016
94017
94018
94019
94021
94022
94028
94033
94034
94037
94038
94041
94042
94043
94044
94046
94052
94054
94055
94058
94059
94060
94065
94067
94068
94069
94071
94073
94074
94075
94076
94077
94078
94079
94080
94081
95018
95039
95051
95052
95060
95063
95091
95127
95134
95176
95183
95197
95199
95203
95205
95210
95218
95219
95229
95250
95252
95268
95277
95280
95288
95306
95313
95323
95351
95355
95371
95388
95392
95394
95427
95428
95476
95480
95487
95488
95491
95500
95539
95555
95563
95572
95574
95582
95585
95598
95607
95637
95652
95680
